0.0072250000000000005
0.009904166666666669
0.0044555555555555555
0.0016
0.001
0.003766666666666667
0.018166666666666668
0.005399999999999999
0.002466666666666667
0.0001
0.012333333333333333
0.0008
0.0083
0.006633333333333333
0.0025
0.0006333333333333334
0.0044666666666666665
0.0007666666666666667
0.00016666666666666666
0.04092083333333334
0.0003
0.004233333333333334
0.0045000000000000005
0.0063999999999999994
0.005655555555555556
0.0025666666666666667
0.0013666666666666666
0.011
0.0022875
0.010333333333333333
0.005533333333333333
0.006891666666666666
0.010533333333333334
0.001733333333333333
3.3333333333333335e-05
0.0040999999999999995
0.003875
0.006733333333333333
0.0036
0.0008874999999999999
0.0004125
0.0020666666666666667
0.007
0.0033333333333333335
0.005966666666666667
0.017277777777777777
0.00015000000000000001
0.0009666666666666667
0.0052
0.001
0.0006333333333333334
0.002766666666666667
0.0021666666666666666
0.005266666666666666
0.013766666666666668
0.00758888888888889
0.0021333333333333334
0.0008
0.0007
0.009395833333333334
0.0013454545454545455
0.002375
0.0022125
0.014004166666666668
0.00022500000000000002
0.0022
0.0028375
0.007666666666666667
0.0008666666666666666
0.0061333333333333335
0.010312499999999999
0.0014333333333333333
0.0006125
0.019579166666666665
0.0056
0.004111111111111111
0.004033333333333333
0.010654545454545453
0.0028444444444444446
0.003822222222222222
0.0024333333333333334
0.0020444444444444447
0.01576666666666667
0.0007400000000000001
0.004733333333333333
0.0033791666666666666
0.0029000000000000002
0.009687499999999998
0.0058000000000000005
0.004990909090909091
0.0046
0.008816666666666667
0.0087625
0.002133333333333333
0.011933333333333332
7.777777777777778e-05
0.009154166666666666
0.008266666666666667
0.00030000000000000003
0.003954166666666666